ID_REGISTRO	QTD_FILMES_ACAO	QTD_FILMES_ANIMACAO	QTD_FILMES_AVENTURA	QTD_FILMES_COMEDIA	QTD_FILMES_DOCUMENTARIO	QTD_FILMES_DRAMA	QTD_FILMES_FICCAO	QTD_FILMES_MUSICAL	QTD_FILMES_ROMANCE	QTD_FILMES_SUSPENSE	QTD_FILMES_TERROR
1	2	8	1	7	1	1	0	5	11	1	0
2	2	5	5	3	1	1	1	3	5	7	5
3	0	0	0	1	9	14	0	0	2	0	0
4	29	0	1	1	0	0	1	0	0	1	0
5	41	0	2	2	0	0	5	0	0	1	0
6	3	2	0	5	0	0	0	3	18	0	0
7	2	0	0	0	0	1	0	1	0	17	5
8	1	2	0	10	0	0	0	2	12	0	0
9	26	0	1	0	0	0	0	0	0	0	0
10	4	6	1	17	1	1	1	2	9	0	1
11	25	0	0	0	0	0	3	0	0	1	0
12	4	3	3	4	1	2	0	3	0	1	4
13	16	0	6	2	0	0	4	0	1	2	0
14	21	0	0	1	0	0	2	0	0	0	0
15	1	0	0	0	0	1	1	0	0	14	4
16	29	0	3	1	0	0	3	0	0	1	0
17	1	0	0	1	8	20	0	0	2	0	0
18	1	2	4	4	0	4	4	1	4	3	3
19	0	36	0	1	0	0	0	1	1	0	0
20	28	1	2	2	0	0	14	1	1	5	0
21	1	0	0	0	0	1	0	0	0	31	11
22	1	1	3	2	1	1	3	0	5	4	4
23	1	1	0	9	0	0	0	8	18	0	0
24	24	0	3	0	0	0	4	0	0	1	0
25	0	2	0	11	0	0	0	2	9	0	0
26	27	0	7	2	0	0	6	0	0	2	0
27	7	4	7	7	0	3	7	1	5	4	6
28	0	0	0	9	0	0	0	2	12	0	0
29	1	0	0	1	7	19	0	0	1	0	0
30	1	0	1	0	0	3	2	0	0	21	23
31	7	0	5	2	1	1	20	1	1	3	1
32	0	1	8	4	1	6	6	1	10	1	5
33	2	0	0	2	18	10	1	1	2	1	1
34	6	1	5	2	0	12	8	4	0	1	9
35	24	0	1	0	0	0	2	0	0	2	0
36	4	0	0	1	0	4	3	1	0	29	10
37	1	1	0	12	0	0	0	2	11	0	0
38	2	3	1	6	0	0	0	11	31	1	1
39	0	56	1	3	0	0	0	1	1	0	0
40	1	2	4	4	1	1	4	3	1	3	5
41	16	0	7	3	1	0	2	0	1	3	0
42	2	1	0	9	0	0	0	4	10	0	0
43	1	1	4	0	1	8	2	2	2	8	5
44	22	0	3	3	0	0	0	1	1	1	0
45	2	5	1	24	0	0	0	13	4	0	0
46	13	2	20	9	2	1	0	2	2	7	1
47	4	1	1	1	1	5	7	7	6	4	4
48	5	5	4	1	1	2	4	5	3	3	3
49	38	0	0	1	0	0	3	0	0	2	0
50	16	0	2	2	0	0	1	0	0	0	0
51	1	0	0	0	0	1	2	0	0	34	3
52	38	1	10	5	1	1	8	1	1	1	1
53	1	2	5	5	1	4	3	1	0	4	2
54	2	0	0	0	0	1	1	0	0	30	0
55	1	1	0	15	0	0	0	4	6	0	0
56	3	0	0	0	0	0	0	0	0	8	16
57	0	19	0	1	0	0	0	0	0	0	0
58	0	2	0	23	0	0	0	3	11	0	0
59	19	0	4	3	0	0	5	0	1	1	1
60	31	0	1	3	0	0	0	0	0	3	0
61	2	0	0	1	19	30	0	0	2	0	0
62	8	1	5	4	0	0	0	0	0	4	1
63	1	3	0	20	0	0	0	5	14	0	0
64	6	6	0	6	0	4	0	4	1	4	2
65	3	0	0	0	5	40	0	0	1	0	0
66	6	1	0	4	17	13	1	1	6	1	1
67	41	0	0	1	0	0	1	0	0	2	0
68	40	0	8	1	1	1	10	0	1	4	0
69	23	0	3	0	0	0	6	0	0	0	0
70	0	4	1	22	1	1	1	8	15	1	1
71	1	0	0	0	0	1	1	0	0	22	9
72	4	2	13	5	0	2	21	0	1	10	2
73	2	0	0	0	0	1	3	0	0	35	7
74	4	0	0	1	1	1	1	0	1	15	1
75	3	1	1	0	6	28	1	1	2	1	1
76	0	5	0	2	0	1	0	9	39	1	0
77	0	0	0	0	0	0	0	0	0	14	8
78	2	2	4	0	2	2	2	20	26	2	4
79	2	0	0	2	6	16	0	0	0	0	0
80	1	0	0	1	6	22	0	0	0	0	0
81	21	0	3	1	0	0	6	0	0	2	0
82	0	33	0	0	0	0	0	0	0	0	0
83	11	0	4	1	1	1	7	0	0	3	0
84	7	1	1	4	1	1	12	0	0	3	0
85	35	0	1	2	0	0	1	0	0	1	0
86	31	0	9	1	1	0	1	0	0	3	0
87	2	2	0	8	0	0	0	8	16	0	0
88	27	0	2	0	0	0	5	0	0	2	0
89	0	40	0	1	0	0	0	0	0	0	0
90	17	0	2	0	0	0	2	0	0	2	0
91	7	0	4	1	0	0	8	0	0	3	0
92	0	2	3	2	0	1	1	3	4	3	3
93	20	0	1	1	0	0	2	0	0	2	0
94	18	0	2	1	0	0	4	0	0	1	0
95	34	0	1	1	0	0	2	0	0	1	0
96	20	0	2	0	0	0	2	0	0	1	0
97	2	1	0	11	0	0	0	5	7	0	0
98	1	2	0	20	0	0	0	5	15	0	0
99	4	1	1	25	1	1	0	9	40	1	0
100	2	2	0	16	0	0	0	0	10	0	0
101	53	1	19	0	1	1	4	0	1	2	1
102	0	0	0	1	1	27	0	0	0	0	0
103	0	28	1	1	0	0	0	0	0	0	0
104	18	0	3	1	0	0	3	0	0	1	0
105	28	0	3	0	0	0	1	0	0	0	0
106	3	0	8	0	0	0	7	0	0	2	0
107	26	0	1	1	0	0	4	0	0	1	0
108	32	0	2	0	0	0	2	0	0	1	0
109	0	0	0	1	2	31	0	0	1	0	0
110	0	4	0	0	0	2	5	1	3	4	6
111	1	1	0	8	1	0	1	3	9	1	0
112	11	8	3	2	2	12	12	13	2	6	10
113	7	0	2	3	0	0	10	0	0	0	0
114	45	1	6	1	0	1	2	0	1	4	1
115	1	4	4	2	1	0	3	5	4	5	2
116	0	30	1	3	0	0	0	0	0	0	0
117	0	2	0	17	0	0	0	5	15	0	0
118	1	1	0	4	0	0	0	6	14	1	0
119	1	0	0	0	0	1	1	0	0	18	9
120	46	1	1	2	1	1	6	0	0	1	1
121	1	5	1	20	1	1	1	18	5	1	1
122	5	4	1	3	0	3	4	1	3	3	2
123	27	0	2	2	0	0	2	0	0	1	0
124	0	0	0	0	4	17	0	0	0	0	0
125	21	0	2	1	0	0	1	0	0	0	0
126	13	0	7	1	0	0	5	0	0	2	0
127	56	0	6	1	0	0	2	0	0	0	0
128	3	3	1	2	0	6	4	6	6	4	4
129	1	0	0	1	13	10	0	0	1	0	0
130	54	0	4	2	0	0	7	0	0	1	0
131	3	3	0	1	0	0	0	7	21	0	0
132	10	1	16	5	0	1	14	1	1	4	1
133	15	0	5	2	0	0	5	0	0	2	0
134	1	6	2	0	0	2	5	4	6	4	0
135	23	0	6	2	0	0	7	0	0	0	0
136	2	0	0	1	0	0	4	1	0	25	18
137	1	0	0	0	0	1	1	0	0	34	4
138	2	0	0	1	13	35	0	0	1	0	0
139	1	2	0	16	0	0	0	3	16	0	0
140	4	4	0	4	1	3	5	4	3	2	3
141	0	17	1	3	0	0	0	1	1	0	0
142	0	0	0	0	12	45	0	0	1	0	0
143	1	0	0	0	0	2	2	0	0	42	8
144	0	1	0	15	0	0	0	2	15	0	0
145	2	0	0	1	6	24	0	0	1	0	0
146	31	0	7	0	0	0	2	0	0	1	0
147	0	49	1	2	0	0	0	1	1	0	0
148	1	0	0	2	9	26	0	0	1	0	0
149	3	8	2	4	0	2	1	0	8	8	5
150	1	0	0	0	0	0	0	0	0	13	9
151	2	2	0	16	0	1	0	5	15	1	1
152	31	0	8	1	0	0	5	1	0	2	0
153	26	0	4	0	0	0	2	0	0	0	0
154	18	0	2	0	0	0	2	0	0	0	0
155	13	0	3	2	0	0	3	0	0	1	0
156	37	1	4	3	0	0	3	0	1	1	1
157	23	0	1	0	0	0	2	0	0	1	0
158	15	0	5	3	1	0	2	0	0	0	0
159	9	2	6	4	1	2	11	5	10	8	9
160	3	6	7	4	1	10	2	6	2	2	8
161	32	0	2	2	0	0	1	0	0	0	0
162	25	0	5	2	0	0	1	0	0	2	0
163	36	0	1	1	0	0	2	0	0	1	0
164	2	0	0	1	0	1	0	0	0	31	10
165	0	0	0	1	4	23	0	0	0	0	0
166	7	9	4	6	1	4	8	11	9	10	3
167	0	0	0	1	6	26	0	0	1	0	0
168	39	0	7	1	0	0	1	0	0	2	0
169	41	0	1	0	0	0	2	0	0	1	0
170	5	0	0	0	1	3	2	0	1	6	34
171	24	0	0	1	0	0	3	0	0	0	0
172	1	8	4	0	0	2	5	1	8	5	5
173	40	0	4	2	0	0	5	0	0	2	0
174	13	1	0	3	0	0	9	1	1	0	0
175	0	1	0	11	0	0	0	3	5	0	0
176	25	0	9	2	0	0	2	0	0	1	0
177	79	0	4	1	1	0	3	0	0	3	1
178	5	5	3	5	0	3	1	0	1	6	6
179	40	0	5	1	0	0	6	0	0	1	0
180	5	1	1	1	1	1	3	0	1	17	29
181	1	0	0	0	0	1	1	0	0	17	10
182	0	33	1	0	0	0	0	1	0	0	0
183	8	0	3	3	0	0	8	0	0	1	0
184	45	0	4	1	0	0	4	0	0	2	0
185	1	1	0	0	0	1	1	0	0	33	7
186	2	1	0	1	6	23	0	0	2	0	0
187	4	1	6	5	1	7	3	1	2	2	1
188	20	0	4	1	0	0	6	0	0	2	0
189	4	2	5	3	1	0	1	4	1	6	6
190	18	0	1	1	0	0	2	0	0	0	0
191	7	0	15	5	0	1	0	0	1	0	1
192	2	1	0	12	0	0	0	2	6	0	0
193	3	1	4	1	0	2	4	3	3	7	3
194	12	0	6	2	0	0	2	0	0	2	0
195	0	0	0	2	0	1	1	0	34	0	1
196	0	34	1	0	0	0	0	0	1	0	0
197	1	5	4	5	0	2	4	5	4	2	5
198	2	3	4	2	1	5	2	3	5	4	2
199	1	3	3	4	0	1	3	2	2	3	3
200	6	3	0	3	0	2	3	0	0	4	4
201	1	0	0	0	0	1	1	0	0	11	14
202	2	2	0	4	0	0	0	6	9	0	0
203	1	0	0	0	0	0	1	0	0	34	9
204	3	4	2	7	2	13	6	3	15	7	4
205	59	0	5	4	0	0	1	1	1	3	1
206	1	0	0	1	5	24	0	0	1	0	0
207	1	1	0	9	0	0	0	2	11	0	0
208	2	1	0	9	0	0	0	7	18	0	0
209	2	0	0	0	0	2	1	0	0	9	11
210	0	0	0	0	0	2	2	0	0	21	21
211	1	1	0	8	0	0	0	5	9	0	0
212	2	3	0	6	1	0	0	3	13	0	0
213	23	0	1	1	0	0	3	0	0	0	0
214	18	0	3	0	0	0	1	0	0	1	0
215	1	1	0	2	2	17	1	1	0	1	1
216	0	26	0	1	0	0	0	0	1	0	0
217	18	0	6	2	0	0	6	0	0	0	0
218	0	0	0	3	4	40	0	0	2	0	1
219	0	0	0	0	0	1	1	0	0	19	11
220	11	1	7	2	0	1	10	0	1	7	1
221	2	3	2	1	0	6	1	4	2	3	0
222	51	0	1	0	0	0	1	0	0	2	0
223	1	0	0	2	2	36	0	0	1	0	0
224	5	0	9	4	1	1	6	0	1	2	1
225	5	5	1	12	0	0	1	15	1	1	0
226	2	3	0	11	0	0	1	5	11	0	1
227	17	1	4	4	0	1	6	0	0	3	0
228	47	1	3	3	1	0	5	0	0	3	0
229	13	1	5	7	1	1	4	1	1	2	1
230	12	0	11	1	0	0	8	1	0	2	0
231	0	1	0	16	0	0	0	4	15	0	0
232	26	0	1	2	0	0	5	0	0	2	0
233	1	0	1	1	0	0	2	1	0	37	8
234	2	1	0	8	0	0	0	1	8	0	0
235	3	2	1	8	1	9	6	5	1	4	1
236	24	0	1	2	0	0	3	0	0	1	0
237	2	0	0	0	0	1	1	0	0	21	6
238	26	0	0	1	0	0	5	0	0	1	0
239	21	0	2	0	0	0	2	0	0	0	0
240	36	0	3	0	0	0	2	0	0	1	0
241	0	1	0	12	0	0	0	1	7	0	0
242	4	0	0	4	10	15	0	1	4	0	0
243	0	0	0	0	0	0	0	0	0	30	4
244	2	1	1	24	0	1	1	1	1	0	1
245	2	3	0	18	0	1	1	11	5	0	0
246	22	0	3	1	0	0	2	0	0	1	0
247	27	0	0	1	0	0	1	0	0	1	0
248	2	0	0	0	0	1	0	0	0	34	6
249	1	0	0	0	0	0	0	0	0	19	7
250	22	0	5	2	0	0	5	0	0	2	0
251	18	0	3	2	0	0	6	0	0	0	0
252	1	0	0	1	11	21	0	0	0	0	0
253	18	0	9	1	1	0	14	1	1	1	1
254	2	3	0	14	1	0	1	6	14	0	0
255	40	0	6	3	0	1	1	1	0	4	1
256	1	1	5	4	0	1	22	1	1	1	0
257	34	0	5	1	0	0	4	0	0	1	0
258	3	3	1	16	0	1	1	4	5	1	0
259	0	0	0	1	6	63	0	0	3	0	0
260	3	3	4	2	1	6	2	4	6	5	6
261	24	0	5	1	0	0	0	0	0	1	0
262	1	1	0	11	0	0	0	4	10	0	0
263	0	2	0	13	0	0	0	6	22	0	0
264	22	0	5	6	0	0	16	0	1	2	0
265	1	3	0	9	0	0	0	8	4	0	0
266	36	0	5	2	0	0	5	0	0	2	0
267	0	0	0	0	0	1	0	0	0	19	8
268	1	0	0	0	0	1	1	0	0	22	3
269	40	0	3	2	0	0	0	0	0	0	0
270	1	0	0	0	3	19	0	0	1	0	0
271	3	3	1	3	0	1	1	3	5	5	3
272	1	0	0	0	0	1	2	0	0	40	2
273	5	1	1	1	1	0	7	1	0	6	25
274	0	0	0	0	2	20	0	0	2	0	0
275	19	0	1	1	0	0	3	0	0	1	0
276	0	0	0	0	0	1	1	0	0	20	6
277	3	4	2	2	1	3	1	1	2	4	4
278	3	1	1	0	0	1	2	0	1	57	3
279	2	1	3	0	1	4	7	5	7	5	1
280	3	1	1	11	0	1	1	7	19	1	0
281	1	0	0	1	9	16	0	0	1	0	0
282	0	0	0	1	8	14	0	0	0	0	0
283	10	1	7	3	0	0	8	0	0	5	1
284	4	6	0	6	1	1	0	6	32	0	1
285	0	0	0	0	0	0	0	0	0	21	19
286	22	0	1	1	0	0	3	0	0	0	0
287	2	1	1	3	4	51	0	0	2	0	0
288	3	4	0	4	1	3	4	2	2	3	4
289	1	1	2	5	0	0	5	1	2	4	3
290	16	0	2	2	0	0	3	0	0	2	0
291	23	0	2	0	0	0	1	0	0	0	0
292	16	0	4	1	0	0	3	0	0	1	0
293	10	1	4	4	0	0	4	0	1	5	1
294	3	3	3	1	1	5	1	1	0	4	3
295	2	1	0	8	0	0	0	4	10	0	0
296	1	0	0	0	0	2	1	0	0	24	11
297	1	0	0	1	0	2	3	0	0	17	13
298	1	1	0	11	0	0	0	5	11	0	0
299	3	9	2	12	2	6	9	4	4	9	6
300	18	0	6	3	0	1	9	0	0	4	0
301	0	0	1	0	0	3	1	0	0	38	8
302	1	0	0	0	0	1	0	0	0	27	8
303	21	0	3	1	0	0	2	0	0	1	0
304	0	16	2	5	0	0	0	2	2	0	0
305	39	0	1	0	0	0	1	0	0	0	0
306	1	0	0	0	0	1	0	0	0	11	10
307	21	0	9	3	1	1	7	0	0	3	0
308	36	0	5	2	0	0	0	0	0	1	0
309	32	0	1	1	0	0	4	0	0	2	0
310	2	0	0	0	0	1	1	0	0	28	19
311	0	12	1	4	0	0	0	2	1	0	0
312	42	1	8	1	0	1	5	0	0	1	1
313	32	0	3	0	0	0	3	0	0	0	0
314	1	0	0	0	0	1	1	0	0	20	9
315	10	2	6	7	2	2	7	1	1	5	1
316	67	0	4	3	0	1	1	1	0	2	0
317	0	5	0	39	0	0	1	4	1	1	0
318	29	0	1	0	0	0	4	0	0	0	0
319	5	1	1	7	50	5	1	0	7	1	1
320	2	0	0	1	5	15	0	0	2	0	0
321	0	44	0	2	0	0	0	0	0	0	0
322	20	1	3	5	0	1	0	0	0	2	0
323	5	5	5	3	1	6	5	2	6	4	3
324	2	0	1	1	1	7	6	7	7	5	9
325	1	0	0	0	0	2	1	0	0	49	0
326	0	0	0	1	4	30	0	0	0	0	0
327	2	2	0	14	0	0	0	1	4	0	0
328	1	0	0	0	8	24	0	0	1	0	0
329	25	0	3	4	1	0	8	1	0	4	0
330	0	0	0	2	5	17	0	0	3	0	0
331	30	0	5	1	0	0	4	0	0	2	0
332	0	1	1	3	0	0	0	9	26	0	0
333	0	38	1	1	0	0	0	1	1	0	0
334	2	5	2	4	1	4	4	3	1	4	1
335	4	1	2	3	0	3	5	2	3	0	2
336	1	0	0	0	9	22	0	0	2	0	0
337	2	4	2	4	0	1	1	3	4	2	4
338	24	0	3	0	0	0	1	0	0	1	0
339	1	0	0	12	0	0	0	2	6	0	0
340	0	0	0	0	0	1	2	0	0	11	15
341	3	1	14	5	0	1	13	1	0	5	0
342	20	0	5	2	0	0	10	0	0	3	1
343	19	0	2	1	0	0	3	0	0	1	0
344	3	2	2	10	2	6	8	2	7	3	3
345	2	0	0	0	0	1	2	0	0	7	10
346	0	42	0	2	0	0	0	1	1	0	0
347	15	1	3	3	0	0	2	1	0	2	0
348	9	9	0	1	1	1	1	3	0	1	1
349	23	0	26	11	1	2	15	1	1	6	1
350	1	0	4	3	0	1	0	5	5	4	1
351	3	2	3	1	1	2	4	4	4	0	2
352	5	3	1	22	1	1	1	16	3	1	0
353	0	0	0	0	0	1	0	0	0	21	4
354	38	0	4	2	1	0	9	0	0	4	0
355	1	2	0	1	0	0	0	6	12	0	0
356	1	1	1	1	0	4	6	6	1	3	6
357	8	0	12	3	0	0	8	0	1	4	0
358	1	3	0	19	0	0	0	3	10	0	0
359	41	0	2	0	0	0	5	0	0	1	0
360	2	3	2	1	1	6	6	2	6	5	6
361	2	3	5	4	0	1	4	0	0	5	2
362	3	1	1	20	0	1	1	1	12	1	1
363	34	1	2	2	1	1	1	1	0	1	0
364	5	3	1	4	1	0	3	1	3	4	1
365	0	2	0	11	0	0	0	6	11	0	0
366	0	0	0	0	0	2	1	0	0	29	9
367	28	2	23	10	2	1	17	2	0	8	0
368	24	0	2	0	0	0	4	0	0	2	0
369	31	0	1	3	0	0	3	0	0	1	0
370	1	0	0	0	0	1	1	0	0	22	8
371	0	0	0	3	1	17	0	0	1	0	0
372	4	1	0	52	1	1	0	0	0	0	1
373	1	2	0	12	0	0	0	0	6	0	0
374	8	1	8	6	1	0	23	1	1	8	1
375	0	0	6	6	2	2	1	7	6	8	5
376	3	1	0	22	0	0	0	3	22	0	0
377	28	1	1	5	1	1	8	0	1	8	0
378	2	0	0	2	7	33	0	0	2	0	0
379	43	0	2	3	1	0	3	0	1	2	0
380	23	0	4	2	0	0	2	0	0	1	0
381	0	0	0	0	0	0	0	0	0	12	9
382	1	0	0	0	0	1	1	0	0	15	9
383	1	0	0	1	1	21	0	0	1	0	0
384	1	1	2	24	1	1	1	8	7	1	1
385	23	0	3	0	0	0	0	0	0	1	0
386	20	2	22	16	2	1	0	1	0	14	2
387	28	0	3	1	0	0	4	0	0	1	0
388	1	1	0	3	6	36	0	0	1	0	1
389	0	0	0	0	0	2	2	0	0	29	6
390	17	0	2	2	0	0	3	0	0	0	0
391	24	0	1	1	0	0	4	0	0	2	0
392	3	1	1	3	2	25	1	0	3	1	0
393	19	0	0	0	0	0	3	0	0	0	0
394	1	0	0	2	2	36	0	0	0	0	0
395	0	0	0	0	16	38	0	0	2	0	0
396	30	1	8	3	0	0	4	1	0	1	0
397	18	0	5	7	1	0	5	1	1	5	1
398	1	0	0	1	0	28	0	0	1	0	0
399	4	3	2	1	1	2	2	5	4	4	8
400	18	0	7	1	0	0	4	0	0	2	0
401	31	0	1	1	0	0	0	0	0	1	0
402	1	1	0	5	0	0	0	4	14	0	0
403	36	1	4	2	1	1	4	1	0	2	0
404	0	0	0	0	1	20	0	0	0	0	0
405	56	1	3	4	0	1	2	0	1	3	0
406	21	0	1	1	0	0	1	0	0	1	0
407	2	1	0	3	0	0	0	4	12	0	0
408	1	0	0	0	4	34	0	0	1	0	0
409	3	3	1	20	1	1	0	2	32	1	0
410	49	0	5	4	1	0	1	0	1	2	0
411	22	0	2	1	0	0	2	0	0	0	0
412	2	0	1	4	1	0	0	14	17	0	0
413	4	1	1	7	1	1	1	8	6	0	0
414	0	0	0	5	0	0	0	5	15	0	0
415	1	0	0	0	6	21	0	0	0	0	0
416	65	0	7	1	1	1	2	0	0	2	1
417	48	0	11	3	0	0	6	0	0	2	0
418	0	0	0	2	12	8	0	0	1	0	0
419	1	0	0	0	0	1	1	0	0	30	10
420	1	0	0	0	0	1	2	0	0	26	3
421	2	5	2	6	1	4	6	6	3	3	0
422	0	46	1	1	0	0	0	1	1	0	0
423	0	1	0	7	1	0	0	1	14	1	0
424	46	0	3	2	0	0	4	0	0	3	0
425	2	1	1	13	1	1	0	11	4	0	0
426	4	1	1	1	1	2	0	0	0	30	1
427	3	0	0	3	10	12	0	0	1	0	0
428	0	0	0	0	0	1	1	0	0	18	2
429	1	0	0	1	3	20	0	0	0	0	0
430	0	0	0	0	0	1	2	0	0	22	4
431	11	3	5	29	29	11	3	5	3	5	5
432	7	0	1	1	1	1	5	1	1	2	32
433	2	0	0	0	12	19	0	0	1	0	0
434	1	0	0	0	0	1	1	0	0	2	21
435	3	5	1	5	0	1	1	17	19	1	0
436	2	12	7	10	2	2	8	8	15	7	1
437	7	3	0	5	0	3	6	5	7	6	6
438	0	3	0	12	0	0	0	0	15	1	1
439	19	0	3	0	0	0	1	0	0	1	0
440	32	0	0	2	1	0	11	0	1	3	0
441	1	7	7	22	1	1	1	6	6	1	1
442	2	3	0	11	0	0	0	3	9	0	0
443	2	4	1	18	0	1	1	5	18	0	1
444	1	0	0	0	0	2	2	0	0	30	18
445	35	0	4	0	0	0	3	0	0	1	0
446	1	0	0	1	17	3	0	0	2	0	0
447	28	1	3	5	1	1	21	1	1	2	1
448	1	0	0	1	12	30	0	0	0	0	0
449	2	1	0	12	0	0	0	3	14	0	0
450	3	1	0	13	0	0	0	5	17	1	0
451	1	0	0	0	0	3	1	0	0	49	14
452	1	1	0	11	0	0	0	6	15	0	0
453	2	0	3	5	0	2	4	3	1	1	5
454	2	0	0	10	0	0	0	2	15	0	0
455	1	0	0	0	0	1	0	0	0	27	2
456	2	2	0	7	0	0	0	0	14	0	0
457	2	2	0	17	0	0	0	4	18	0	0
458	5	2	1	27	0	0	0	4	7	0	1
459	2	0	0	0	0	2	0	0	0	14	8
460	2	2	1	15	1	0	1	9	18	0	0
461	1	2	1	14	0	0	1	3	8	1	0
462	5	2	3	2	0	1	2	2	0	0	4
463	21	7	2	23	0	4	4	2	11	21	21
464	1	4	0	15	0	0	1	6	30	1	0
465	55	0	1	2	0	0	7	0	0	1	0
466	24	0	0	1	1	1	8	1	0	3	0
467	6	2	2	1	32	12	1	2	12	2	1
468	19	1	8	2	0	0	7	0	1	1	0
469	23	0	7	2	0	0	2	0	0	2	0
470	1	0	0	0	0	0	1	0	0	16	7
471	0	0	0	0	0	1	0	0	0	23	5
472	35	1	0	3	1	0	9	0	0	0	0
473	31	0	0	2	0	0	4	0	0	1	0
474	1	4	1	7	1	3	0	16	5	16	12
475	1	1	0	8	0	0	0	3	11	0	0
476	6	6	7	7	1	0	5	2	2	5	7
477	2	1	0	10	0	0	0	6	18	0	0
478	3	2	0	3	0	1	1	2	11	0	1
479	27	0	0	1	0	0	1	0	0	1	0
480	2	0	0	2	12	10	0	0	1	0	0
481	1	0	0	0	0	0	0	0	0	24	6
482	21	0	4	1	0	0	3	0	0	1	0
483	2	0	0	3	5	28	0	0	3	0	0
484	1	5	0	4	0	4	4	3	4	1	4
485	15	0	3	6	1	1	9	1	0	0	1
486	2	0	0	4	0	0	1	13	26	0	0
487	1	3	0	6	1	0	0	8	25	0	0
488	2	1	4	3	1	4	2	5	2	3	3
489	3	4	0	0	1	1	0	12	17	0	0
490	2	1	0	14	0	0	0	1	14	0	0
491	1	2	0	13	0	0	0	7	10	0	0
492	2	0	0	11	0	0	0	2	20	0	0
493	3	3	0	0	1	3	5	4	3	1	0
494	8	0	3	2	1	3	6	4	5	7	3
495	17	0	3	3	0	0	2	0	0	2	1
496	33	0	2	1	0	0	4	0	0	1	0
497	23	0	1	1	0	0	3	0	0	1	0
498	0	0	0	0	0	1	1	0	0	26	6
499	13	0	1	0	1	12	15	21	9	9	7
500	37	0	3	2	0	0	2	0	0	1	0
501	2	0	0	0	0	0	0	0	0	40	1
502	29	0	7	2	0	0	1	0	0	2	0
503	37	0	4	0	1	0	8	1	0	1	0
504	40	0	8	0	0	0	7	0	0	2	0
505	2	3	1	5	0	1	1	9	8	0	0
506	1	1	0	19	0	0	0	5	25	0	1
507	45	1	9	0	0	0	4	1	1	1	0
508	24	1	5	3	0	0	9	0	0	1	1
509	5	1	6	2	0	2	6	4	0	5	6
510	5	5	1	17	1	1	0	1	11	1	1
511	1	0	0	0	0	0	1	0	0	25	6
512	6	0	1	8	1	4	6	1	8	8	5
513	14	0	8	1	1	0	10	1	0	4	1
514	3	0	1	32	1	1	0	13	5	0	1
515	5	5	4	1	1	2	6	5	5	6	6
516	0	23	0	3	0	0	0	0	1	0	0
517	6	0	1	7	20	61	1	1	1	0	0
518	0	31	1	0	0	0	0	0	0	0	0
519	2	2	3	18	2	5	12	2	12	7	8
520	17	0	5	1	0	0	2	0	0	1	0
521	7	1	8	7	1	1	8	6	4	1	5
522	3	1	1	1	1	3	2	1	0	36	4
523	2	2	5	5	0	4	3	3	0	1	1
524	49	0	3	1	0	0	5	0	0	2	0
525	1	1	0	6	0	0	0	3	11	0	0
526	25	1	6	1	0	1	7	0	0	3	1
527	1	1	1	26	1	0	1	10	5	1	0
528	26	0	2	1	0	0	1	0	0	0	0
529	19	1	6	4	0	0	10	1	0	1	0
530	32	0	1	1	0	0	0	0	0	1	0
531	47	0	4	1	0	0	4	0	0	2	0
532	31	0	4	2	0	0	8	0	0	2	0
533	0	0	0	0	0	1	1	0	0	33	5
534	3	3	0	15	1	0	1	2	20	0	1
535	2	0	0	1	0	5	3	0	0	22	5
536	8	1	3	1	1	1	8	8	3	6	3
537	0	0	0	0	0	1	1	0	0	10	9
538	1	0	0	1	2	39	1	1	3	1	1
539	4	0	3	6	1	1	6	1	0	4	0
540	2	2	0	0	0	0	0	5	16	0	0
541	4	2	1	22	1	0	1	1	1	0	0
542	14	0	5	2	0	0	9	0	1	2	0
543	28	0	2	1	0	0	1	0	0	0	0
544	0	34	0	1	0	0	0	0	1	0	0
545	20	0	4	1	0	0	2	0	0	1	0
546	3	0	1	1	1	0	3	0	0	23	14
547	29	0	0	0	0	0	2	0	0	1	0
548	2	5	4	1	0	4	2	4	0	3	3
549	19	0	3	1	0	0	3	0	0	1	0
550	1	1	0	11	0	0	0	1	8	0	0
551	30	0	3	1	0	0	3	0	0	1	0
552	0	2	3	3	2	2	11	3	3	11	39
553	3	3	1	22	0	0	0	4	5	0	1
554	2	0	0	1	13	29	0	0	2	0	1
555	4	1	27	9	0	2	14	2	0	6	0
556	1	0	1	2	13	27	1	0	4	1	1
557	2	3	3	1	0	3	3	3	1	1	3
558	2	0	0	2	12	26	0	0	2	0	0
559	1	0	0	2	13	8	0	0	0	0	0
560	0	45	2	4	0	0	0	3	1	0	0
561	0	46	1	2	0	0	0	1	2	0	0
562	1	0	0	0	0	0	2	0	0	17	11
563	3	1	0	14	0	0	0	5	0	0	0
564	1	0	0	0	0	1	1	0	0	24	6
565	1	0	0	0	0	1	1	0	0	25	4
566	4	4	0	3	1	1	1	7	32	1	0
567	2	0	0	0	0	1	2	0	0	39	3
568	1	4	1	17	0	0	1	5	18	1	1
569	1	0	0	0	0	3	0	0	0	26	22
570	34	0	7	1	0	0	5	0	1	2	1
571	0	0	5	9	2	5	11	1	3	12	1
572	4	2	0	20	0	0	0	10	1	1	1
573	2	1	0	16	0	0	0	4	10	0	0
574	1	0	0	1	1	21	0	0	2	0	0
575	33	0	1	1	0	0	3	0	0	1	0
576	3	1	0	29	0	0	0	5	0	0	0
577	7	4	5	7	1	3	1	4	4	6	1
578	20	0	3	1	0	0	2	0	0	1	0
579	2	1	1	2	1	25	0	0	2	1	0
580	34	1	8	0	0	1	0	0	1	3	0
581	1	1	1	7	1	1	4	1	7	1	8
582	11	0	7	3	0	0	9	0	0	3	0
583	0	0	0	2	2	44	0	0	1	0	0
584	1	0	0	2	16	34	0	0	0	0	0
585	1	3	4	9	1	3	1	14	5	11	4
586	22	0	0	0	0	0	1	0	0	0	0
587	1	1	0	11	0	0	0	5	6	0	0
588	6	1	3	5	0	0	7	0	0	1	1
589	7	1	7	12	3	4	4	12	3	9	4
590	4	1	15	5	2	2	27	0	2	11	0
591	1	0	0	0	12	31	0	0	0	0	0
592	0	90	1	3	0	0	0	1	1	0	0
593	20	0	7	2	0	0	0	0	0	2	0
594	10	0	1	1	0	0	11	0	0	4	1
595	2	0	0	0	0	1	1	0	0	25	14
596	1	0	0	0	0	0	1	0	0	28	6
597	25	0	2	1	0	0	1	0	0	0	0
598	5	5	0	3	0	0	0	15	29	0	0
599	1	1	0	8	0	0	1	3	11	1	0
600	6	3	2	2	1	3	5	5	0	7	1
601	3	4	2	4	0	1	3	4	1	4	1
602	2	1	0	16	0	0	0	3	1	0	0
603	28	1	7	2	0	1	9	0	1	0	0
604	22	0	2	0	0	0	2	0	0	1	0
605	1	1	0	15	0	0	0	2	9	0	0
606	1	0	0	0	10	11	0	0	2	0	0
607	2	0	0	0	0	0	0	6	18	0	0
608	2	0	0	0	0	2	2	1	0	15	18
609	7	0	12	1	0	1	13	0	1	1	0
610	4	0	1	1	0	2	3	1	1	10	15
611	7	1	8	8	1	0	6	4	3	2	2
612	0	1	2	5	1	7	9	2	0	6	1
613	2	0	0	0	0	2	2	0	0	15	9
614	1	1	10	6	1	1	6	0	1	6	1
615	8	1	5	3	1	0	16	0	0	3	1
616	27	0	5	2	0	0	4	0	0	1	0
617	7	0	5	0	1	0	9	0	1	5	0
618	32	0	2	1	0	0	4	0	0	0	0
619	5	2	5	1	1	2	4	3	4	5	6
620	0	33	1	1	0	0	0	0	1	0	0
621	2	1	6	7	1	2	5	5	7	2	1
622	0	9	1	7	0	0	0	3	2	0	0
623	1	3	0	0	0	1	1	3	16	0	1
624	4	14	6	17	0	4	8	10	17	4	14
625	27	0	7	2	0	0	4	0	0	2	0
626	21	0	5	2	0	0	0	0	0	3	0
627	7	4	2	3	1	1	2	2	8	1	7
628	30	0	3	1	0	0	0	0	0	0	0
629	1	0	0	0	0	2	0	0	0	17	8
630	28	0	2	1	0	0	1	0	0	1	0
631	8	0	8	2	0	0	9	1	0	4	0
632	51	0	6	0	0	0	5	0	0	2	0
633	50	0	1	0	0	0	4	0	0	1	0
634	1	0	0	0	0	0	1	0	0	23	7
635	2	0	0	0	0	2	2	0	0	20	12
636	2	2	3	1	1	1	3	3	3	3	2
637	1	0	15	2	0	0	14	0	1	1	1
638	0	0	0	0	0	2	1	0	0	42	7
639	17	0	2	1	0	0	0	0	0	0	0
640	28	0	3	1	0	0	1	0	0	1	0
641	16	1	11	3	0	0	0	0	0	3	1
642	11	1	21	1	1	1	19	0	0	3	1
643	2	4	3	5	1	2	3	2	5	10	2
644	1	6	3	3	0	1	4	6	4	4	0
645	33	0	3	2	0	0	1	0	0	1	0
646	0	25	0	4	0	0	0	2	2	0	0
647	9	10	6	5	2	9	2	0	4	5	7
648	2	2	0	20	1	0	0	0	6	0	0
649	30	0	3	1	0	0	1	0	0	1	0
650	23	0	1	1	0	0	1	0	0	0	0
651	2	1	0	0	0	1	3	0	0	12	16
652	3	0	0	22	0	0	0	6	12	0	0
653	8	3	3	7	1	0	3	3	2	4	4
654	11	0	7	3	0	0	8	1	0	1	0
655	4	0	4	2	0	5	1	5	2	2	3
656	0	0	0	0	0	0	1	0	0	20	3
657	9	4	1	8	1	2	2	5	21	1	1
658	22	1	4	3	1	0	8	1	0	1	0
659	6	5	0	6	0	1	3	5	1	2	1
660	0	33	0	6	1	0	1	3	4	1	0
661	3	0	0	2	11	19	1	0	4	0	0
662	1	1	0	16	0	0	1	6	10	0	1
663	4	4	4	1	0	2	3	1	0	2	4
664	17	0	0	2	0	0	4	0	0	0	0
665	8	0	5	2	0	0	5	0	0	3	0
666	4	1	1	1	1	8	9	0	0	40	8
667	0	0	0	0	0	0	1	0	0	29	8
668	1	1	1	0	0	3	1	1	0	16	17
669	23	0	3	1	0	0	3	0	0	1	0
670	1	3	0	7	0	0	0	4	7	0	0
671	21	0	1	0	0	0	2	0	0	3	0
672	22	0	3	1	0	0	1	0	0	0	0
673	0	0	1	20	0	0	0	4	13	0	1
674	1	1	0	21	0	0	0	5	7	0	0
675	11	1	8	3	1	1	8	0	0	2	1
676	2	0	0	0	0	2	0	0	0	15	6
677	2	7	8	3	1	4	0	5	8	1	8
678	42	0	9	1	0	0	3	0	0	3	0
679	28	0	1	1	0	0	6	0	0	0	0
680	2	2	0	7	0	0	0	3	14	0	0
681	1	2	0	11	0	0	0	1	17	0	0
682	31	0	6	1	0	0	6	0	0	0	0
683	2	0	0	1	7	31	0	0	1	0	0
684	1	3	0	16	0	0	0	11	23	1	1
685	3	1	7	4	1	1	16	1	1	2	1
686	3	5	2	4	1	3	6	0	6	9	9
687	1	0	0	0	0	1	1	0	0	18	15
688	19	0	3	0	0	0	3	0	0	1	0
689	5	5	0	4	0	0	1	3	0	3	2
690	1	3	0	10	0	0	0	7	17	0	0
691	66	1	1	3	0	1	3	1	0	1	1
692	2	6	2	1	2	1	2	6	6	2	10
693	1	2	0	12	0	0	0	5	10	0	0
694	1	0	0	0	0	1	1	0	0	21	7
695	1	0	0	0	0	1	1	0	0	20	3
696	3	17	5	6	3	9	0	6	4	12	12
697	0	0	0	0	0	1	1	0	0	17	5
698	2	0	0	1	7	20	0	0	0	0	0
699	1	0	0	0	0	1	1	0	0	15	5
700	19	0	0	0	0	0	3	0	0	0	0
701	30	1	6	1	1	0	11	0	0	3	0
702	31	1	3	0	1	1	18	1	1	9	1
703	2	0	0	0	0	0	0	0	0	14	4
704	17	0	2	0	0	0	5	0	0	0	0
705	25	0	1	1	0	0	4	0	0	1	0
706	24	0	6	2	1	0	3	0	0	3	1
707	1	0	0	2	5	35	0	0	0	0	0
708	1	0	1	2	1	1	2	3	4	4	2
709	9	1	7	1	0	0	12	1	0	2	0
710	3	1	0	1	0	3	1	0	1	30	8
711	20	0	1	0	0	0	1	0	0	0	0
712	57	0	1	3	1	1	18	1	1	6	0
713	20	1	1	3	0	1	8	0	1	1	1
714	64	0	5	4	0	0	7	1	0	1	0
715	2	1	0	15	0	0	0	1	15	0	0
716	2	0	0	0	0	1	0	0	0	25	10
717	0	0	0	0	0	0	1	0	0	23	2
718	0	33	0	2	0	0	0	0	0	0	0
719	1	1	0	10	0	0	0	4	6	0	0
720	35	0	2	2	0	0	2	0	0	2	0
721	2	0	0	1	17	39	0	0	1	0	0
722	0	2	0	8	0	0	0	4	16	0	0
723	20	0	2	1	0	0	3	0	0	1	0
724	1	0	0	0	0	1	0	0	0	14	8
725	32	0	1	1	0	0	1	0	0	2	0
726	29	0	1	1	0	0	6	0	0	3	1
727	1	4	1	9	1	1	1	10	1	0	1
728	3	1	0	2	0	0	0	3	15	0	0
729	17	0	1	0	0	0	3	0	0	1	0
730	0	37	1	5	0	0	0	2	1	0	0
731	4	8	8	5	0	3	1	2	4	8	1
732	1	1	0	6	0	0	0	3	13	0	0
733	10	0	14	3	0	1	3	0	1	3	0
734	3	1	1	1	1	3	4	0	0	4	7
735	3	0	0	0	0	2	2	0	0	23	16
736	36	1	8	1	1	0	12	1	1	7	1
737	3	1	0	15	0	0	0	1	18	0	0
738	6	6	2	3	0	2	2	1	0	5	7
739	1	2	0	22	0	0	0	1	14	0	0
740	1	0	0	1	6	16	0	0	1	0	0
741	4	3	9	10	1	3	5	2	3	11	1
742	0	11	2	14	2	3	3	33	3	2	2
743	1	0	0	0	0	1	1	0	0	19	3
744	21	2	32	2	1	0	7	0	0	10	1
745	11	1	11	8	0	1	10	1	0	2	1
746	4	1	1	3	1	8	4	4	1	5	9
747	1	1	0	17	0	0	0	2	8	0	0
748	0	25	1	1	0	0	0	0	0	0	0
749	3	9	2	4	0	7	3	4	5	5	5
750	4	1	0	0	0	5	0	0	0	63	5
751	34	0	3	1	0	0	2	0	0	0	0
752	5	1	3	5	1	3	8	6	5	1	4
753	25	0	2	1	0	0	2	0	0	1	0
754	1	3	0	14	0	0	0	1	14	0	0
755	49	0	2	2	0	0	7	0	0	2	0
756	2	0	0	0	0	1	1	0	0	19	5
757	50	0	3	1	0	0	3	0	0	1	0
758	29	0	3	2	0	0	3	0	0	1	0
759	2	1	0	0	0	2	4	0	0	45	11
760	22	0	5	1	0	0	3	0	0	1	0
761	0	0	0	0	0	3	2	0	0	33	10
762	0	0	0	0	0	1	1	0	0	26	1
763	1	0	1	2	22	19	1	0	2	0	0
764	24	1	8	1	0	1	9	0	0	1	0
765	2	0	0	0	0	0	1	0	0	31	4
766	11	0	7	2	1	1	1	1	0	2	1
767	1	3	3	5	1	2	1	5	2	0	3
768	30	0	3	2	0	0	4	0	0	1	0
769	33	0	4	2	0	0	0	0	0	0	0
770	0	1	0	12	0	0	0	4	13	0	0
771	3	0	0	0	1	1	1	0	0	22	1
772	0	0	0	0	0	1	1	0	0	20	6
773	0	3	3	6	0	1	2	2	5	3	3
774	23	0	6	1	1	0	11	0	1	2	0
775	3	0	0	21	0	0	0	2	17	0	0
776	5	2	0	0	0	0	1	15	12	0	0
777	18	0	6	1	0	0	3	1	0	3	1
778	4	1	4	2	1	4	1	5	4	5	5
779	8	9	3	4	0	8	2	10	6	4	9
780	29	0	1	0	0	0	3	0	0	3	0
781	30	0	0	0	0	0	1	0	0	2	0
782	28	1	4	6	1	1	2	1	1	3	1
783	50	0	2	1	0	0	2	0	0	0	0
784	29	0	5	1	0	0	4	0	0	1	0
785	2	1	5	2	1	1	1	2	6	3	4
786	29	0	2	2	0	0	2	0	0	2	0
787	41	0	4	2	0	0	2	0	0	0	0
788	0	31	1	1	0	0	0	1	0	0	0
789	1	0	0	0	0	1	1	0	0	26	0
790	10	0	4	1	0	0	4	0	0	1	0
791	3	3	1	8	0	1	1	1	27	1	1
792	38	0	1	2	0	0	5	0	0	2	0
793	1	1	4	3	1	1	2	2	4	1	4
794	4	4	2	4	1	1	1	3	3	3	4
795	27	0	1	1	0	0	4	0	0	2	0
796	1	1	0	8	0	0	0	3	11	0	0
797	1	0	1	1	0	1	0	0	0	3	28
798	1	0	0	17	0	0	0	4	12	0	0
799	2	0	0	19	0	0	0	2	11	0	0
800	0	26	0	1	0	0	0	1	0	0	0
801	3	4	1	42	0	0	1	8	4	1	0
802	18	0	5	0	1	1	1	0	0	4	0
803	4	4	1	5	1	3	4	2	5	0	4
804	3	1	1	8	0	1	0	10	20	1	1
805	2	0	0	0	0	2	2	0	0	39	7
806	28	0	5	1	0	0	6	0	0	2	0
807	2	0	0	9	0	0	0	4	8	0	0
808	5	0	1	5	10	5	1	1	4	0	1
809	25	0	4	2	0	0	4	0	0	1	0
810	1	0	0	10	0	0	0	6	10	0	0
811	27	0	7	0	0	0	4	0	0	2	0
812	37	0	1	0	0	0	6	0	0	0	0
813	1	2	3	1	0	1	3	5	4	4	4
814	29	0	6	2	0	0	1	0	0	2	0
815	6	2	5	2	1	3	5	2	0	3	6
816	0	4	0	10	0	0	1	1	9	1	0
817	42	0	8	2	0	0	0	0	0	1	0
818	1	0	0	10	1	0	0	9	26	1	0
819	0	31	1	1	0	0	0	1	1	0	0
820	1	0	0	1	8	25	0	0	0	0	0
821	5	1	0	15	0	1	0	3	18	1	1
822	0	1	0	9	0	0	0	6	8	0	0
823	4	4	0	19	0	1	1	1	26	1	0
824	0	3	0	17	0	0	0	6	9	0	0
825	47	0	14	2	0	0	11	0	0	4	1
826	24	0	5	0	0	0	1	0	0	1	0
827	4	6	4	2	1	2	1	8	6	2	1
828	22	0	3	1	0	0	2	0	0	1	0
829	17	0	2	0	0	0	2	0	0	1	0
830	0	1	0	40	0	0	1	1	9	1	0
831	0	33	0	1	0	0	0	0	0	0	0
832	1	0	0	0	5	23	0	0	0	0	0
833	36	0	5	1	0	0	0	0	0	1	0
834	1	0	0	0	0	1	0	0	0	14	6
835	20	0	5	2	0	0	4	0	0	1	0
836	25	0	3	1	0	0	1	0	0	0	0
837	1	8	3	0	1	7	2	5	8	8	7
838	23	0	3	0	0	0	2	0	0	1	0
839	61	0	3	1	0	1	7	1	0	2	1
840	0	29	1	1	0	0	0	1	1	0	0
841	17	0	2	1	0	0	2	0	0	0	0
842	36	0	0	1	0	0	2	0	0	2	0
843	21	0	0	0	0	0	1	0	0	1	0
844	2	2	0	9	0	0	0	3	9	0	0
845	2	0	1	3	5	29	0	0	3	1	0
846	4	0	0	2	10	17	1	1	2	0	1
847	1	0	1	1	24	35	0	1	1	0	0
848	25	0	3	0	0	0	2	0	0	1	0
849	1	0	0	0	0	0	0	0	0	18	5
850	3	4	0	4	0	1	0	2	15	0	0
851	14	0	4	0	0	0	2	0	0	1	0
852	18	0	1	1	0	0	2	0	0	1	0
853	26	0	4	1	0	0	2	0	0	0	0
854	14	0	6	2	0	0	6	0	0	2	0
855	4	1	0	2	27	10	1	0	2	1	1
856	17	0	1	2	0	0	1	0	0	1	0
857	19	0	1	3	1	0	7	0	0	4	1
858	1	0	0	0	0	1	0	0	0	25	8
859	0	60	0	5	0	0	0	1	1	0	0
860	0	29	0	0	0	0	0	1	0	0	0
861	5	2	0	5	0	0	0	3	29	1	0
862	5	4	2	9	0	1	4	8	7	2	5
863	1	2	0	14	0	0	0	1	16	0	0
864	7	1	2	1	1	1	12	1	1	3	0
865	0	34	0	1	0	0	0	1	0	0	0
866	43	1	8	1	1	1	8	1	0	3	1
867	28	1	5	0	1	0	3	0	0	5	1
868	1	0	0	23	0	0	0	7	8	0	0
869	28	0	1	2	0	0	5	0	0	1	0
870	0	0	0	0	0	1	1	0	0	19	6
871	0	4	0	2	0	0	1	7	22	1	0
872	1	1	0	16	0	1	0	0	26	0	0
873	2	0	0	0	0	2	1	0	0	24	16
874	0	3	0	29	0	0	0	5	14	0	0
875	28	0	7	1	0	0	3	0	0	2	0
876	3	1	0	7	1	3	2	3	7	9	6
877	24	0	1	1	0	0	2	0	0	2	0
878	0	25	0	0	0	0	0	0	0	0	0
879	22	0	2	0	0	0	3	0	0	1	0
880	0	0	0	0	0	0	1	0	0	16	11
881	2	1	0	9	0	0	0	2	8	0	0
882	25	1	5	2	0	1	2	0	0	1	1
883	2	0	0	0	0	0	1	0	0	26	2
884	1	1	0	3	0	0	0	1	19	0	0
885	2	0	0	0	0	1	1	0	0	35	17
886	2	4	0	12	1	0	1	4	2	1	1
887	15	0	0	1	0	0	5	0	0	2	0
888	2	1	2	4	1	2	3	7	5	5	2
889	42	0	5	2	0	0	2	0	0	2	0
890	32	0	1	3	0	1	7	1	1	6	0
891	3	4	0	10	0	0	0	5	7	0	0
892	24	0	3	1	0	0	1	0	0	1	0
893	2	0	0	0	0	0	1	0	0	13	12
894	4	7	0	35	0	1	1	19	21	1	1
895	57	1	4	1	0	0	9	0	1	1	0
896	37	1	0	0	0	0	8	1	1	0	0
897	1	5	1	12	0	2	0	19	4	2	2
898	5	1	1	1	1	2	5	1	0	24	23
899	14	1	14	6	1	1	13	1	1	3	0
900	11	0	3	2	0	1	9	0	0	3	0
901	23	0	0	0	0	0	0	0	0	1	0
902	5	1	22	1	1	1	5	1	0	1	1
903	3	1	0	18	0	1	1	2	24	0	0
904	1	0	0	0	0	1	2	0	0	34	4
905	35	1	16	1	1	1	5	1	1	7	1
906	36	0	6	2	0	0	3	0	0	0	0
907	0	1	0	8	0	0	0	3	14	0	0
908	1	0	0	0	0	1	2	0	0	30	6
909	1	3	0	17	0	0	0	9	23	1	1
910	55	1	7	1	0	0	7	1	0	3	1
911	12	1	11	2	0	0	9	0	0	0	0
912	22	0	2	1	0	0	3	0	0	0	0
913	1	0	0	0	0	0	0	0	0	18	3
914	69	1	12	5	1	0	1	1	0	5	0
915	4	1	1	2	15	2	1	0	5	1	1
916	1	0	0	0	0	2	1	0	0	36	10
917	6	1	0	6	23	46	0	0	0	1	0
918	34	0	3	2	0	0	4	0	0	1	0
919	1	1	1	26	1	0	0	5	27	1	0
920	0	0	0	0	16	25	0	0	2	0	0
921	1	0	0	2	7	27	0	0	0	0	0
922	2	4	0	3	1	0	0	5	18	0	1
923	2	0	0	0	0	1	1	0	0	31	9
925	19	0	5	2	0	0	3	0	0	1	0
926	2	3	1	16	0	0	0	6	9	1	0
927	1	0	0	0	0	0	1	0	0	20	3
928	0	3	6	4	1	0	0	3	1	5	1
929	1	2	0	8	0	0	0	4	20	0	0
930	31	0	3	1	0	0	3	0	0	1	0
931	17	1	13	2	0	0	1	0	1	0	0
932	11	1	10	4	0	0	6	0	1	0	1
933	1	0	0	1	3	22	0	0	0	0	0
934	21	0	3	1	0	0	2	0	0	1	0
935	26	0	2	1	0	0	2	0	0	2	0
936	0	25	0	1	0	0	0	0	0	0	0
937	22	0	8	2	0	0	1	0	0	1	0
938	61	1	1	3	1	1	2	1	1	7	1
939	3	2	0	9	0	0	0	3	21	0	1
940	0	6	1	12	0	0	1	1	41	0	0
941	2	0	1	1	0	48	0	1	2	0	0
942	42	0	2	1	0	0	4	0	0	2	0
943	5	5	0	11	1	0	1	2	3	0	0
944	2	3	4	3	1	5	3	0	2	6	0
945	1	0	0	0	0	1	1	0	0	15	4
946	18	0	6	1	0	1	4	0	0	1	0
947	1	0	0	0	0	1	1	0	0	18	3
948	18	0	0	2	0	0	4	0	0	2	0
949	5	3	1	19	1	0	1	10	6	1	1
950	24	0	2	1	0	0	1	0	0	1	0
951	25	0	2	1	0	0	3	0	0	0	0
952	5	0	0	1	0	0	0	1	1	4	37
953	0	0	0	0	0	0	1	0	0	16	6
954	2	1	0	8	6	26	0	0	1	1	1
955	5	5	0	15	1	1	0	13	9	1	1
956	12	1	5	3	1	1	11	1	1	2	0
957	22	0	1	2	0	0	2	0	0	0	0
958	0	0	0	0	0	1	0	0	0	19	1
959	1	2	0	14	0	0	1	9	10	1	0
960	1	0	0	0	0	2	0	0	0	42	2
961	25	0	5	1	0	0	4	0	0	0	0
962	7	6	0	1	1	9	4	2	6	8	9
963	17	0	4	0	0	0	7	0	0	1	0
964	3	0	5	3	0	6	2	4	0	4	6
965	8	1	0	5	0	5	7	7	1	8	6
966	10	10	15	9	2	3	14	2	5	1	8
967	19	1	2	1	0	0	0	0	0	3	1
968	0	1	1	10	0	0	0	11	22	1	0
969	9	1	7	5	0	0	10	0	1	0	0
970	0	0	0	1	8	17	0	0	1	0	0
971	24	0	1	1	0	0	0	0	0	1	0
972	34	0	5	2	0	0	3	0	0	2	0
973	21	0	1	1	0	0	2	0	0	0	0
974	24	0	5	0	0	0	5	0	0	0	0
975	13	2	10	13	0	7	5	2	8	6	6
976	30	0	0	3	0	1	7	0	1	3	1
977	0	0	0	1	10	30	0	0	0	0	0
978	1	2	0	15	0	0	0	1	17	0	0
979	3	0	0	2	0	1	0	4	12	1	1
980	4	1	3	4	0	5	2	5	5	1	3
981	2	3	0	5	0	0	0	2	14	0	0
982	20	0	3	1	0	0	8	0	0	2	0
983	44	1	8	3	1	0	10	0	1	2	1
984	3	0	0	3	18	2	0	0	2	0	0
985	32	0	0	0	0	0	3	0	0	0	0
986	14	0	2	1	0	0	2	0	0	1	0
987	0	60	1	0	0	0	0	1	0	0	0
988	1	0	0	0	0	1	1	0	0	24	9
989	6	3	6	1	0	1	4	1	3	6	7
990	55	0	0	0	0	0	5	0	0	0	0
991	16	0	5	3	0	0	7	0	0	2	0
992	36	0	0	2	0	0	3	0	0	1	0
993	7	1	2	4	0	0	11	0	0	2	0
994	0	10	1	4	2	2	6	5	4	5	14
995	4	5	3	2	1	5	4	6	2	3	6
996	3	3	0	1	1	1	1	1	17	0	0
997	23	0	7	2	0	0	0	0	0	2	0
998	12	0	6	0	0	0	1	0	0	2	0
999	18	0	5	2	0	0	5	0	0	0	0
1000	13	0	7	1	0	0	3	0	0	2	0
1001	20	0	2	1	0	0	4	0	0	3	0
1002	6	6	4	2	1	3	6	0	0	4	3
1003	21	0	3	1	0	0	1	0	0	1	0
1004	16	0	4	0	0	0	2	0	0	2	0
1005	45	0	5	1	0	0	1	0	0	1	0
1006	12	0	7	2	0	0	6	0	0	2	0
1007	1	0	0	1	2	22	0	0	0	0	0
1008	18	0	0	0	0	0	2	0	0	1	0
1009	2	1	0	16	1	1	0	5	19	0	0
1010	17	0	2	1	0	0	2	0	0	0	0
1011	2	0	0	0	0	2	1	0	0	13	16
1012	16	0	1	3	0	0	3	1	1	3	0
1013	1	1	0	1	1	1	0	0	0	33	8
1014	0	0	0	0	0	0	1	0	0	11	12
1015	0	50	1	1	0	0	0	1	0	0	0
1016	2	1	0	1	4	18	1	1	0	0	1
1017	22	0	2	1	0	0	2	0	0	0	0
1018	1	0	0	0	0	1	0	0	0	20	7
1019	2	0	0	0	8	36	0	0	0	0	0
1020	1	1	13	5	1	1	3	1	1	6	1
1021	0	66	0	3	0	0	0	0	1	0	0
1022	7	0	1	6	10	9	0	1	3	1	0
1023	3	1	1	7	21	27	1	1	7	1	1
1024	29	0	16	1	1	1	3	1	1	4	1
1025	2	0	13	1	1	0	6	0	1	3	0
1026	18	0	3	2	0	0	5	0	0	2	0
1027	2	0	0	0	0	2	2	0	0	36	7
1028	25	0	2	1	0	0	4	0	0	1	0
1029	3	1	0	6	0	0	0	4	16	0	0
1030	5	1	3	3	1	1	3	3	1	6	3
1031	6	6	3	2	0	2	6	1	1	1	4
1032	5	6	1	10	1	1	0	11	1	1	1
1033	1	0	0	0	0	0	1	0	0	34	7
1034	8	3	0	9	0	8	1	9	8	10	10
1035	3	1	1	19	1	1	0	2	6	1	0
1036	36	0	4	2	0	0	2	0	0	0	0
1037	1	5	9	6	1	4	9	3	1	5	4
1038	30	0	2	0	0	0	1	0	0	1	0
1039	5	7	7	5	0	7	5	3	3	5	3
1040	2	2	1	33	0	1	0	1	1	0	0
1041	1	2	0	17	0	0	0	3	6	0	0
1042	4	8	2	1	1	4	7	4	2	3	2
1043	1	0	0	0	0	1	0	0	0	35	1
1044	6	0	1	0	0	3	6	0	1	5	36
1045	9	2	11	2	2	7	7	2	9	7	1
1046	65	0	4	1	0	0	0	0	0	2	0
1047	2	0	0	2	19	43	0	0	3	0	0
1048	1	1	0	17	0	0	0	5	7	0	0
1049	11	0	4	3	0	1	10	0	0	0	1
1050	1	0	0	1	8	21	0	0	0	0	0
1051	7	0	0	4	1	0	5	0	1	4	0
1052	2	1	0	1	1	0	1	1	0	47	26
1053	10	0	4	0	1	0	8	0	0	2	1
1054	1	0	0	1	4	23	0	0	1	0	0
1055	23	0	4	2	0	0	4	0	0	2	0
1056	2	1	0	5	0	0	0	6	16	0	0
1057	1	4	5	6	1	5	3	0	1	4	5
1058	5	5	2	2	1	5	4	5	5	5	0
1059	23	0	7	1	0	0	7	0	0	1	0
1060	2	2	0	27	0	1	0	3	25	0	0
1061	10	0	3	6	0	2	3	0	0	0	1
1062	7	1	3	4	0	5	4	4	1	2	1
1063	1	1	0	12	1	0	0	6	20	0	0
1064	2	0	0	12	0	0	0	2	10	0	0
1065	9	0	3	1	0	1	10	1	0	1	1
1066	29	0	3	1	0	0	3	0	0	1	0
1067	0	0	0	0	0	0	0	0	0	23	5
1068	33	0	5	0	0	0	2	0	0	0	0
1069	10	0	8	3	0	0	2	0	0	2	0
1070	66	1	1	2	0	0	20	1	1	6	0
1071	1	1	0	8	0	0	0	2	12	0	0
1072	41	0	4	2	0	0	5	0	0	1	0
1073	5	4	2	3	0	3	4	0	2	7	2
1074	17	1	1	4	0	1	2	1	1	1	1
1075	1	10	4	1	1	3	2	9	9	9	6
1076	2	0	0	0	1	4	1	0	0	22	17
1077	66	0	4	3	0	0	4	0	0	1	0
1078	0	31	3	14	0	0	1	5	0	0	0
1079	8	0	14	6	0	0	3	0	0	3	0
1080	0	28	0	0	0	0	0	0	0	0	0
1081	1	4	2	0	1	3	4	1	1	2	4
1082	25	0	1	1	0	0	3	0	0	1	0
1083	3	1	1	19	1	1	0	2	12	0	1
1084	1	0	0	1	4	28	0	0	1	0	0
1085	1	0	0	1	10	25	0	0	1	0	0
1086	20	0	6	1	0	0	1	0	0	1	0
1087	1	1	0	8	0	0	0	5	9	0	0
1088	2	0	0	0	12	30	0	0	1	0	0
1089	42	0	5	2	0	0	3	0	0	1	0
1090	0	0	0	0	0	1	1	0	0	25	1
1091	39	0	2	2	0	0	3	0	0	3	0
1092	29	0	4	1	0	0	2	0	0	1	0
1093	35	1	9	1	0	1	2	0	0	0	1
1094	1	1	0	8	0	0	0	0	11	0	0
1095	4	0	0	0	0	2	2	0	0	14	27
1096	8	2	3	3	1	1	3	5	2	4	8
1097	4	1	0	28	0	0	0	11	1	1	1
1098	23	1	15	6	1	1	14	1	1	5	1
1099	3	3	0	12	0	0	0	7	13	0	0
1100	0	0	0	0	0	1	1	0	0	32	3
1101	1	0	0	1	10	11	0	0	1	0	0
1102	3	0	0	0	0	2	2	0	0	24	5
1103	1	0	0	17	0	0	0	2	8	0	0
1104	0	0	0	0	0	2	0	0	0	46	1
1105	35	0	3	1	0	0	7	0	0	3	0
1106	15	0	16	4	1	0	5	0	1	5	0
1107	2	5	6	2	1	1	0	4	4	0	4
1108	4	0	0	10	0	0	0	8	8	1	1
1109	1	0	0	2	3	26	0	0	1	0	0
1110	3	3	3	5	1	4	5	1	5	2	0
1111	44	0	4	2	0	0	3	0	0	2	0
1112	1	1	0	8	0	0	1	1	18	0	1
1113	0	2	5	1	0	1	1	4	5	4	2
1114	0	24	0	2	0	0	0	1	0	0	0
1115	0	34	0	2	0	0	0	1	0	0	0
1116	2	2	0	18	0	0	0	5	2	0	0
1117	22	1	3	1	0	0	1	1	0	4	1
1118	7	5	7	1	1	7	2	1	2	7	7
1119	0	0	0	0	0	1	0	0	0	22	1
1120	0	1	0	11	0	0	0	1	12	0	0
1121	0	1	0	14	0	0	0	4	8	0	0
1122	5	6	5	0	0	2	3	3	2	0	3
1123	0	0	0	0	0	1	1	0	0	16	7
1124	0	1	5	2	0	3	5	6	0	1	2
1125	2	2	0	19	0	1	1	4	5	0	1
1126	5	4	1	19	1	1	0	8	16	1	0
1127	7	2	5	10	1	0	9	0	2	3	1
1128	0	0	0	0	0	1	2	0	0	32	12
1129	1	0	0	0	0	2	1	0	0	22	0
1130	1	0	0	0	0	1	2	0	0	38	2
1131	22	0	4	1	0	0	1	0	0	2	0
1132	7	1	0	1	1	1	1	1	1	20	34
1133	0	0	0	0	0	1	0	0	0	18	1
1134	17	0	6	0	0	0	7	0	0	2	0
1135	23	0	2	1	0	0	1	0	0	2	0
1136	20	0	1	0	0	0	3	0	0	1	0
1137	2	0	0	0	0	1	1	0	0	42	2
1138	21	0	2	0	0	0	1	0	0	1	0
1139	1	0	1	1	1	2	3	1	0	48	4
1140	1	0	0	0	0	0	1	0	0	11	10
1141	21	0	14	0	1	0	8	0	1	0	0
1142	12	4	0	27	2	2	1	1	40	2	0
1143	0	0	0	0	0	1	2	0	0	22	8
1144	1	1	1	0	0	2	0	1	0	33	46
1145	29	0	4	0	0	0	4	0	0	1	0
1146	47	0	9	5	0	0	7	0	1	0	1
1147	15	0	4	3	0	0	6	0	0	3	0
1148	0	0	0	19	0	0	0	1	16	0	0
1149	0	1	0	11	0	0	0	1	11	0	0
1150	13	0	5	1	0	0	3	0	0	1	0
1151	10	0	1	1	0	0	8	0	0	2	0
1152	17	0	4	0	0	0	2	0	0	0	0
1153	25	0	5	0	0	0	6	0	0	1	0
1154	1	0	1	22	0	0	1	6	2	1	1
1155	3	3	7	5	1	2	5	2	8	1	3
1156	0	2	0	19	0	0	0	0	19	0	0
1157	1	3	0	17	0	0	0	0	16	0	0
1158	1	2	0	2	0	0	0	5	14	0	0
1159	3	0	0	15	0	0	0	1	17	0	0
1160	1	0	0	0	0	1	1	0	0	14	9
1161	3	2	0	1	0	1	1	6	21	1	0
1162	17	0	3	2	0	0	0	0	0	2	0
1163	4	0	10	4	0	0	14	1	1	5	1
1164	4	4	2	2	0	2	4	4	1	0	4
1165	2	0	0	1	5	15	0	0	2	0	0
1166	13	4	9	7	1	9	9	8	6	1	11
1167	1	1	0	6	0	0	0	3	11	0	0
1168	4	1	0	0	1	3	4	0	0	45	21
1169	1	1	4	3	1	3	6	2	4	1	5
1170	3	0	0	0	0	4	2	1	0	5	21
1171	16	0	3	2	0	0	2	0	0	0	0
1172	0	0	0	0	0	1	2	0	0	13	16
1173	4	1	0	3	8	26	0	0	0	1	1
1174	1	1	0	13	0	0	0	2	12	0	0
1175	3	0	0	0	0	1	3	0	1	30	15
1176	38	0	3	2	0	0	1	0	0	2	0
1177	4	1	5	6	2	6	1	7	11	11	5
1178	27	0	3	1	0	0	7	0	0	2	0
1179	7	4	2	4	1	5	7	1	7	7	1
1180	49	0	0	0	0	0	2	0	0	3	0
1181	12	0	2	2	0	0	11	1	0	2	1
1182	3	0	0	9	1	0	1	7	3	0	1
1183	1	4	4	1	1	2	3	2	0	2	2
1184	5	4	2	7	1	1	2	4	4	6	2
1185	1	0	0	0	0	1	2	0	0	1	17
1186	1	0	0	0	0	0	1	0	0	21	3
1187	0	0	0	0	0	1	0	0	0	17	6
1188	2	0	0	0	0	1	1	0	0	39	7
1189	60	0	8	3	1	0	0	0	0	0	1
1190	2	2	0	15	0	0	0	6	17	0	0
1191	2	0	0	1	8	43	0	0	3	0	0
1192	0	0	0	0	0	1	1	0	0	17	3
1193	8	1	7	3	0	0	4	0	0	1	0
1194	1	0	0	0	0	0	1	0	0	21	8
1195	0	0	0	0	3	26	0	0	3	0	0
1196	23	0	1	0	0	0	5	0	0	1	0
1197	28	0	3	0	0	0	1	0	0	1	0
1198	25	0	2	2	0	0	4	0	0	1	0
1199	0	2	0	18	0	0	0	5	21	0	0
1200	2	3	0	1	0	0	0	11	19	1	1
1201	1	3	0	17	0	0	0	6	10	0	0
1202	43	1	3	1	0	0	1	0	0	1	0
1203	3	0	27	10	1	1	22	2	1	9	1
1204	28	0	4	1	0	0	1	0	0	1	0
1205	5	1	13	1	1	1	6	1	0	1	1
1206	0	0	0	0	0	2	0	0	0	29	2
1207	2	0	1	2	31	29	1	1	2	1	0
1208	1	1	0	10	0	0	0	4	20	0	0
1209	29	0	5	3	0	0	1	0	0	1	0
1210	1	0	0	0	0	1	1	0	0	45	17
1211	1	2	0	20	0	0	0	6	17	0	0
1212	8	1	1	5	1	1	6	5	2	2	7
1213	1	1	0	9	0	0	0	2	10	0	0
1214	49	0	2	0	0	0	5	0	0	1	0
1215	42	0	2	0	0	0	5	0	0	2	0
1216	1	0	0	0	0	1	1	0	0	24	7
1217	0	0	0	0	0	0	1	0	0	19	5
1218	27	0	3	1	0	0	4	0	0	1	0
1219	0	5	3	3	1	0	2	5	2	5	1
1220	0	0	0	0	0	3	1	1	1	19	19
1221	2	1	0	0	0	4	4	0	1	16	29
1222	0	0	1	1	1	1	6	1	1	44	7
1223	0	0	0	0	0	0	1	0	0	19	12
1224	4	3	1	12	0	0	0	7	14	1	0
1225	28	0	2	1	0	0	3	0	0	1	0
1226	0	0	0	1	9	23	0	0	1	0	0
1227	9	1	18	6	1	1	4	1	1	4	1
1228	0	2	0	13	0	0	0	5	15	0	0
1229	2	0	0	0	0	3	2	0	0	44	9
1230	22	0	1	2	0	0	4	0	0	2	0
1231	0	0	0	0	0	1	0	0	0	18	1
1232	37	0	3	1	0	0	0	0	0	1	0
1233	0	0	0	0	0	2	2	0	0	15	9
1234	5	1	3	7	1	6	1	0	7	1	4
1235	0	3	0	16	0	0	0	1	6	0	0
1236	3	0	0	0	2	30	0	0	0	0	0
1237	34	0	1	1	0	0	5	0	0	2	0
1238	2	0	1	1	0	3	1	0	0	13	8
1239	0	0	0	0	0	0	0	0	0	23	6
1240	28	0	1	0	0	0	2	0	0	1	0
1241	2	1	0	17	0	0	0	2	7	0	0
1242	26	0	1	1	0	0	2	0	0	1	0
1243	0	0	0	2	5	46	0	0	3	0	0
1244	2	0	0	0	0	3	1	0	0	42	11
1245	3	3	1	7	1	1	0	7	17	0	0
1246	1	7	0	4	1	0	1	19	17	1	1
1247	24	0	2	0	0	0	2	0	0	1	0
1248	32	0	1	2	0	0	3	0	0	1	0
1249	2	0	0	0	0	2	1	0	0	23	1
1250	37	0	0	1	0	0	2	0	0	1	0
1251	1	0	0	0	0	1	1	0	0	31	8
1252	2	2	0	4	0	0	0	3	12	0	0
1253	1	1	0	1	19	6	1	0	5	0	1
1254	4	5	4	5	1	4	3	4	1	5	6
1255	39	1	8	4	0	0	8	0	0	0	0
1256	1	1	0	9	0	0	0	3	9	0	0
1257	23	0	3	0	0	0	2	0	0	1	0
1258	1	0	0	0	0	1	1	0	0	32	10
1259	16	0	3	1	0	0	1	0	0	0	0
1260	1	0	0	0	0	0	0	0	0	23	2
1261	0	23	0	1	0	0	0	0	0	0	0
1262	2	4	0	7	1	1	0	10	7	0	1
1263	1	0	0	0	0	1	2	0	0	24	1
1264	26	0	1	1	0	0	1	0	0	1	0
1265	27	0	7	1	0	0	5	0	0	3	0
1266	25	0	3	2	0	0	5	0	0	2	0
1267	3	4	1	10	1	1	1	2	21	0	0
1268	19	2	31	10	2	0	26	2	1	2	2
1269	1	0	0	0	0	2	1	0	0	12	11
1270	5	1	3	1	1	0	9	0	1	0	1
1271	18	1	9	4	0	0	11	0	1	1	0
1272	0	0	0	0	0	1	1	0	0	29	9
1273	20	0	0	1	0	0	2	0	0	1	0
1274	0	0	0	0	0	2	2	0	0	32	2
1275	1	1	0	2	1	1	1	20	34	1	1
1276	6	2	1	6	1	1	1	7	10	1	1
1277	3	4	1	7	1	1	1	6	39	1	1
1278	1	0	0	8	0	0	0	3	12	0	0
1279	37	0	3	3	0	0	7	0	0	0	0
1280	16	0	4	2	0	0	5	0	0	1	0
1281	1	0	0	0	0	1	1	0	0	27	1
1282	1	4	1	7	0	1	1	4	19	0	1
1283	31	0	4	1	0	0	4	0	0	2	0
1284	2	0	0	0	0	2	1	0	0	20	5
1285	15	0	3	1	0	0	3	0	0	0	0
1286	53	0	3	3	1	0	12	1	1	0	0
1287	0	0	0	0	0	2	1	0	0	51	9
1288	1	1	0	4	15	8	0	1	0	1	1
1289	15	2	20	0	1	1	17	1	1	1	2
1290	0	26	1	2	0	0	0	0	0	0	0
1291	27	0	9	3	0	1	2	0	1	3	0
1292	20	0	4	1	0	0	4	0	0	2	0
1293	1	3	0	33	0	1	1	6	15	0	0
1294	0	0	1	0	1	4	3	0	0	21	16
1295	1	3	4	3	1	3	3	3	4	4	1
1296	27	0	3	1	0	0	2	0	0	0	0
1297	3	1	9	3	1	0	12	0	0	1	0
1298	5	5	1	6	0	1	1	6	7	1	1
1299	10	0	6	2	0	0	5	0	0	2	0
1300	1	0	0	1	4	25	0	0	1	0	0
1301	3	3	1	15	0	0	0	4	10	0	1
1302	15	0	2	1	0	1	4	0	0	1	0
1303	3	0	0	1	1	0	2	1	1	9	29
1304	6	4	4	3	1	0	4	2	0	2	1
1305	1	0	0	0	0	2	1	0	0	6	14
1306	2	5	0	1	1	2	5	5	5	4	2
1307	2	2	0	16	0	0	0	9	10	0	0
1308	34	0	2	1	0	0	2	0	0	1	0
1309	3	1	5	2	0	4	3	5	2	6	2
1310	0	0	0	0	12	39	0	0	0	0	0
1311	1	3	1	5	1	1	0	5	11	1	0
1312	2	1	0	17	0	0	0	3	9	0	0
1313	9	4	4	2	1	1	3	8	6	4	9
1314	24	0	2	0	0	0	2	0	0	1	0
1315	9	3	2	3	1	2	8	8	3	6	6
1316	4	5	1	9	0	0	0	8	9	1	0
1317	0	2	0	3	0	0	0	5	13	0	0
1318	34	1	4	3	0	1	9	0	1	2	0
1319	2	1	0	13	0	0	0	5	10	0	0
1320	7	0	6	3	1	0	7	1	1	4	1
1321	1	0	0	0	0	2	2	0	0	17	14
1322	1	1	0	14	0	0	0	2	4	0	0
1323	14	0	1	3	0	0	1	1	0	3	0
1324	7	1	3	4	1	0	6	0	0	4	0
1325	1	2	0	14	0	0	0	6	4	0	0
1326	1	0	0	0	0	1	2	0	0	10	11
1327	4	5	0	4	0	4	4	3	3	3	0
1328	1	0	0	15	0	0	0	8	11	0	0
1329	19	0	1	0	0	0	0	0	0	1	0
1330	1	2	0	18	0	0	0	3	15	0	0
1331	0	0	0	0	0	1	1	0	0	19	9
1332	0	3	1	1	1	0	1	4	21	1	1
1333	1	1	1	5	34	14	1	1	2	1	0
1334	2	1	0	5	0	0	0	6	14	0	0
1335	1	0	0	0	0	2	1	0	0	42	3
1336	25	0	3	1	0	0	2	0	0	1	0
1337	1	0	0	19	0	0	0	3	10	0	0
1338	1	1	0	8	0	0	0	5	8	0	0
1339	1	2	0	22	0	1	1	3	6	0	0
1340	20	0	7	2	0	1	7	0	0	2	1
1341	41	0	5	2	0	0	5	0	0	1	0
1342	5	1	1	22	1	1	1	9	22	1	0
1343	2	0	0	1	9	24	0	0	1	0	0
1344	0	0	0	0	0	0	2	0	0	29	6
1345	2	0	1	9	0	0	0	8	5	0	0
1346	0	4	3	4	1	4	6	5	1	2	5
1347	1	0	0	0	0	1	1	0	0	19	6
1348	4	5	1	11	1	0	1	11	16	1	1
1349	1	0	0	0	0	1	1	0	0	19	5
1350	3	1	0	5	0	0	1	2	23	1	1
1351	24	0	2	1	0	0	2	0	0	1	0
1352	0	8	5	5	0	1	1	0	9	12	5
1353	2	3	0	33	0	0	0	12	13	0	0
1354	19	1	5	1	0	0	12	1	1	4	1
1355	17	0	2	0	0	0	3	0	0	1	0
1356	2	2	0	14	0	0	0	5	18	0	0
1357	19	0	2	1	0	0	3	0	0	0	0
1358	1	0	0	0	0	2	1	0	0	6	16
1359	25	0	5	0	0	0	1	0	0	1	0
1360	16	0	2	3	0	0	3	0	0	1	0
1361	6	3	0	8	1	0	0	16	8	1	0
1362	11	0	0	2	0	0	7	0	0	1	0
1363	1	0	0	2	9	32	0	0	2	0	0
1364	9	1	4	5	0	0	0	0	0	6	0
1365	1	1	12	3	0	1	9	0	0	1	1
1366	27	0	0	1	0	0	1	0	0	1	0
1367	25	1	7	4	1	0	2	0	0	0	1
1368	28	0	3	4	0	0	3	0	1	0	1
1369	2	0	0	0	0	3	0	0	0	21	12
1370	5	1	0	0	0	4	4	0	0	48	1
1371	0	0	0	0	0	1	0	0	0	25	3
1372	1	2	0	2	0	0	0	5	12	0	0
1373	4	5	4	1	1	2	1	3	1	9	8
1374	1	0	0	0	0	0	2	0	0	19	8
1375	2	7	1	12	1	1	1	9	41	1	0
1376	23	0	1	1	0	0	0	0	0	0	0
1377	1	0	0	1	3	17	0	0	1	0	0
1378	3	0	0	3	17	32	0	0	2	0	0
1379	23	1	10	2	0	0	7	1	0	4	0
1380	2	1	0	7	0	0	0	5	10	0	0
1381	28	0	4	2	0	0	5	0	0	1	0
1382	23	0	3	1	0	0	0	0	0	0	0
1383	22	0	1	0	0	0	1	0	0	0	0
1384	1	1	1	5	30	29	0	1	9	1	1
1385	16	0	2	1	0	0	5	0	0	1	0
1386	2	2	1	21	1	1	0	10	9	1	1
1387	1	0	0	0	12	27	0	0	0	0	0
1388	1	4	0	22	1	0	1	8	22	1	0
1389	45	1	3	3	1	0	2	0	0	4	1
1390	2	2	0	10	0	0	0	8	18	0	0
1391	41	1	7	5	0	0	7	0	0	4	0
1392	1	0	0	0	0	40	0	0	1	0	0
1393	9	8	1	3	2	3	8	3	6	4	7
1394	0	4	2	2	1	3	2	4	2	2	3
1395	1	2	0	26	1	1	1	6	11	0	1
1396	9	4	6	2	1	5	7	2	7	3	3
1397	1	6	5	6	1	4	2	2	1	1	4
1398	2	8	6	9	1	9	9	4	1	5	1
1399	23	0	4	2	0	0	4	0	0	3	0
1400	2	0	0	0	0	1	0	0	0	39	1
1401	6	0	1	5	1	1	1	10	32	1	1
1402	1	0	1	1	22	34	0	1	3	0	1
1403	20	0	3	1	0	0	3	0	0	0	0
1404	0	0	0	0	5	18	0	0	0	0	0
1405	5	6	1	24	1	0	1	1	33	0	1
1406	0	0	0	3	14	16	0	1	4	1	0
1407	9	0	5	4	0	0	3	0	0	2	0
1408	20	1	3	1	0	0	9	0	1	2	0
1409	2	2	0	6	0	0	0	7	15	0	0
1410	3	0	1	0	0	4	3	0	0	5	25
1411	5	4	8	2	1	10	7	10	3	4	7
1412	20	0	1	1	0	0	2	0	0	1	0
1413	2	0	0	0	0	2	0	0	0	10	14
1414	2	2	0	5	0	0	0	6	18	0	0
1415	2	0	0	0	0	3	2	1	1	15	2
1416	0	0	0	0	0	3	2	0	0	19	9
1417	28	1	4	3	1	0	5	0	0	3	1
1418	36	0	4	0	0	0	2	0	0	1	0
1419	2	0	0	15	0	0	0	1	5	0	0
1420	1	0	0	0	0	2	1	0	0	23	6
1421	28	0	0	0	0	0	6	0	0	3	0
1422	46	0	6	2	0	0	1	0	0	1	0
1423	0	0	0	0	0	0	1	0	0	21	6
1424	0	0	0	0	0	1	1	0	0	31	7
1425	2	3	3	2	0	4	1	1	4	3	1
1426	4	1	3	4	0	0	3	4	2	2	4
1427	21	0	1	2	0	0	5	0	0	1	0
1428	2	0	0	1	3	30	0	0	1	0	0
1429	19	0	0	0	0	0	1	0	0	1	0
1430	3	4	3	6	0	8	8	6	2	6	1
1431	8	1	1	5	0	0	1	23	4	1	1
1432	63	0	6	2	1	1	3	1	0	1	0
1433	2	0	0	0	0	2	3	1	0	3	25
1434	2	0	0	2	10	17	0	0	1	0	0
1435	1	0	0	1	4	20	0	0	1	0	0
1436	0	16	2	4	0	0	0	0	0	0	0
1437	3	7	7	5	2	11	7	9	9	11	5
1438	1	6	1	13	0	1	1	15	0	0	1
1439	20	0	4	0	0	0	8	0	0	3	0
1440	0	0	0	15	0	0	0	5	12	0	0
1441	1	0	0	0	0	0	1	0	0	7	11
1442	0	1	0	35	0	0	0	12	15	1	0
1443	1	0	0	0	0	0	1	0	0	17	7
1444	0	0	0	0	6	42	0	0	1	0	0
1445	1	1	0	9	0	0	0	3	7	0	0
1446	15	0	10	4	1	0	3	1	1	0	0
1447	3	3	0	4	0	0	1	8	28	0	1
1448	2	3	2	1	1	1	3	3	3	1	5
1449	0	1	0	11	0	0	0	6	14	0	0
1450	3	3	8	2	1	8	9	0	3	6	1
1451	3	7	2	4	1	2	1	6	2	7	1
1452	3	1	1	1	1	3	2	1	1	10	27
1453	14	0	6	1	0	0	1	0	0	2	0
1454	35	0	0	1	0	0	9	0	0	2	0
1455	1	0	0	0	0	1	0	0	0	20	3
1456	17	0	3	1	0	0	0	0	0	1	0
1457	41	0	5	1	0	0	2	0	0	1	0
1458	1	0	1	0	1	4	2	0	1	24	16
1459	0	0	0	1	1	35	0	0	0	0	0
1460	32	0	1	2	0	0	1	0	0	0	0
1461	1	0	0	2	15	30	0	0	0	0	0
1462	1	1	1	7	1	1	0	3	8	1	1
1463	2	0	0	1	1	3	1	1	1	21	28
1464	0	2	0	16	0	0	0	3	20	0	0
1465	24	0	4	2	0	0	3	0	0	1	0
1466	32	1	2	3	1	1	10	1	0	1	1
1467	4	6	0	6	1	1	1	1	27	1	0
1468	46	0	5	2	0	0	3	0	0	1	0
1469	2	1	0	11	0	0	0	4	3	0	0
1470	24	0	1	1	0	0	4	0	0	1	0
1471	18	0	4	1	0	0	3	0	0	1	0
1472	40	1	9	4	0	1	19	1	1	7	0
1473	3	0	0	0	0	1	3	0	0	2	17
1474	1	0	0	0	0	1	0	0	0	17	1
1475	1	1	0	8	0	0	0	1	17	0	0
1476	32	0	4	1	0	0	0	0	0	2	0
1477	1	21	2	8	1	0	1	2	5	1	0
1478	2	0	0	0	0	2	1	0	0	36	4
1479	1	3	0	19	0	0	0	3	14	0	0
1480	21	0	3	1	0	0	2	0	0	2	0
1481	1	0	0	13	0	0	0	5	10	0	0
1482	15	0	3	1	0	0	4	0	0	1	0
1483	23	0	1	0	0	0	0	0	0	1	0
1484	1	1	0	10	0	0	0	6	14	0	0
1485	0	43	0	1	0	0	0	0	0	0	0
1486	2	2	0	18	0	0	0	0	9	0	0
1487	2	2	0	21	0	0	0	5	12	0	0
1488	7	7	2	2	1	5	4	1	2	3	4
1489	0	1	6	0	1	0	5	5	6	4	1
1490	13	0	6	4	1	0	3	0	1	3	0
1491	29	0	3	1	1	0	5	1	0	2	1
1492	2	2	1	4	1	6	4	0	2	2	4
1493	0	24	0	0	0	0	0	0	0	0	0
1494	2	0	0	5	0	0	0	4	16	0	0
1495	4	4	4	2	1	1	5	4	4	0	5
1496	1	5	4	0	1	5	2	1	5	6	3
1497	0	17	0	1	0	0	0	1	1	0	0
1498	1	1	0	21	0	0	0	7	4	0	0
1499	0	0	0	0	0	0	0	0	0	23	2
1500	1	0	0	1	1	30	0	0	1	0	0
1501	1	0	0	0	0	0	1	0	0	15	10
1502	18	0	3	0	0	0	3	0	0	1	0
1503	19	0	5	0	0	0	4	0	0	1	0
1504	16	0	11	0	1	1	11	1	0	1	1
1505	11	0	8	1	0	1	7	0	0	3	0
1506	14	0	5	0	0	0	7	0	0	3	0
1507	2	1	1	1	1	2	4	1	1	21	12
1508	6	3	3	4	0	4	3	3	2	1	1
1509	3	5	7	2	1	4	6	5	1	3	3
1510	1	0	0	0	0	1	2	0	0	41	6
1511	0	24	0	2	0	0	0	1	1	0	0
1512	4	1	1	1	0	3	2	1	1	34	3
1513	2	0	0	2	10	6	0	0	1	0	0
1514	20	0	3	0	0	0	1	0	0	0	0
1515	11	3	3	1	0	12	10	2	5	11	6
1516	1	0	0	0	0	2	2	0	0	30	8
1517	4	6	2	5	0	3	3	4	1	2	6
1518	11	0	7	1	0	0	5	0	0	1	0
1519	5	0	3	5	1	1	4	7	5	7	2
1520	1	0	0	0	0	0	1	0	0	33	5
1521	0	24	0	1	0	0	0	0	1	0	0
1522	26	1	18	2	1	1	2	1	1	4	0
1523	34	0	0	1	0	0	6	0	0	1	0
1524	27	0	1	1	0	0	2	0	0	0	0
1525	2	0	30	0	2	1	23	0	2	2	2
1526	0	8	1	50	2	2	1	25	25	1	0
1527	33	0	3	0	0	0	4	0	0	1	0
1528	1	0	0	13	0	0	0	2	10	0	0
1529	4	0	8	1	1	1	9	0	1	4	1
1530	20	1	6	0	0	0	1	0	0	3	0
1531	1	2	1	6	0	0	0	9	17	1	1
1532	41	0	7	0	0	0	0	0	0	3	0
1533	22	0	2	0	0	0	1	0	0	0	0
1534	1	1	1	1	0	3	2	0	0	14	5
1535	0	0	0	0	0	1	0	0	0	16	6
1536	28	0	2	0	0	0	3	0	0	1	0
1537	26	0	7	1	0	0	1	0	0	0	0
1538	1	1	0	13	0	0	0	2	9	0	0
1539	26	0	1	1	0	0	1	0	0	0	0
1540	23	0	3	1	0	0	1	0	0	1	0
1541	27	0	3	0	0	0	0	0	0	1	0
1542	3	3	3	0	2	3	3	6	10	14	11
1543	0	38	1	2	0	0	0	1	0	0	0
1544	27	0	4	0	0	0	3	0	0	0	0
1545	7	0	0	4	39	20	0	1	5	1	1
1546	44	1	0	1	0	0	1	0	0	4	0
1547	67	1	11	3	0	1	13	1	1	0	1
1548	0	50	2	5	0	0	0	1	1	0	0
1549	21	0	8	2	0	0	7	0	0	1	0
1550	1	0	0	10	0	0	0	4	13	0	0
1551	5	0	1	1	1	6	3	1	1	4	29
1552	25	0	2	2	0	0	5	0	0	0	0
1553	21	0	4	0	0	0	0	0	0	0	0
1554	20	0	3	2	0	0	7	0	0	0	0
1555	4	0	3	4	0	4	3	4	0	0	2
1556	2	3	4	5	0	1	1	2	3	2	4
1557	0	0	0	4	0	0	0	5	13	0	0
1558	45	0	5	1	0	0	7	0	0	1	0
1559	1	0	0	0	0	1	2	0	0	36	11
1560	15	1	5	0	0	1	6	0	1	4	1
1561	39	0	2	2	0	1	7	0	0	2	0
1562	0	0	0	1	3	36	0	0	1	0	0
1563	1	0	0	0	0	1	0	0	0	19	10
1564	17	0	1	2	0	0	4	0	0	2	0
1565	32	0	7	1	0	0	6	0	0	1	0
1566	0	0	0	0	0	2	1	0	0	37	9
1567	16	0	4	0	0	0	7	0	0	2	0
1568	3	0	0	0	0	2	0	0	0	53	1
1569	2	0	0	2	16	8	0	0	2	0	0
1570	18	0	7	3	0	0	6	0	0	2	0
1571	50	0	2	0	1	0	9	0	0	2	1
1572	52	0	6	2	0	0	5	0	0	1	0
1573	7	1	8	3	1	1	13	1	1	5	0
1574	2	2	0	11	0	0	0	9	14	0	1
1575	0	31	1	0	0	0	0	1	0	0	0
1576	1	1	0	15	0	0	0	3	18	0	0
1577	2	0	2	0	0	6	5	5	1	3	0
1578	0	2	0	10	0	0	0	4	11	0	0
1579	3	2	8	1	1	0	1	2	6	1	4
1580	4	0	0	2	8	65	1	1	4	0	0
1581	1	1	0	8	0	0	0	3	11	0	0
1582	4	1	1	2	6	11	0	0	4	0	0
1583	1	0	0	1	10	23	0	0	0	0	0
1584	0	0	1	2	3	17	0	1	2	0	1
1585	2	0	0	0	3	34	0	0	2	0	0
1586	3	10	7	1	1	9	2	8	1	1	2
1587	0	0	0	0	0	1	2	0	0	27	0
1588	19	0	4	2	0	0	4	0	0	2	0
1589	1	0	0	0	0	1	3	0	0	31	6
1590	0	1	0	1	1	2	5	1	0	8	23
